toan
9 0
nhat
9 0
1
7 5
0 0 -858993460
-1.07374e+08 -1.07374e+08 1
18
0 0 0 0 0 0 0 0 0 0 0 0 0 0 0
0 0 0 0 0 0 0 0 0 0 0 0 0 0 0
0 0 0 0 0 0 0 0 0 0 0 0 0 0 0
0 0 0 0 0 0 0 0 0 0 0 0 0 0 0
0 0 0 0 0 0 0 0 0 0 0 0 0 0 0
0 0 0 0 0 -1 1 -1 0 0 0 0 0 0 0
0 0 0 0 0 1 -1 -1 -1 -1 0 0 0 0 0
0 0 0 0 0 1 1 1 1 -1 0 0 0 0 0
0 0 0 0 0 1 -1 -1 1 1 0 0 0 0 0
0 0 0 0 0 0 0 0 0 0 0 0 0 0 0
0 0 0 0 0 0 0 0 0 0 0 0 0 0 0
0 0 0 0 0 0 0 0 0 0 0 0 0 0 0
0 0 0 0 0 0 0 0 0 0 0 0 0 0 0
0 0 0 0 0 0 0 0 0 0 0 0 0 0 0
0 0 0 0 0 0 0 0 0 0 0 0 0 0 0
6 8 -1
7 7 1
6 7 -1
7 8 1
8 7 -1
8 8 1
7 9 -1
8 9 1
6 9 -1
8 5 1
5 7 -1
7 6 1
5 5 -1
5 6 1
6 6 -1
6 5 1
8 6 -1
7 5 1
