Nhat
19 0
Toan
19 1
0
10 11
0 0 -858993460
-1.07374e+08 -1.07374e+08 -1.07374e+08 1
38
0 0 0 0 0 0 0 0 0 0 0 0 0 0 0
0 0 0 0 0 0 0 0 0 0 0 0 0 0 0
0 0 0 0 0 0 0 0 0 0 0 0 0 0 0
0 0 0 0 0 0 0 0 0 0 0 0 0 0 0
0 0 0 0 0 0 1 0 0 0 0 0 0 0 0
0 0 0 0 0 0 0 -1 -1 -1 0 0 0 0 0
0 0 0 0 0 0 1 -1 1 0 1 0 0 0 0
0 0 0 0 0 1 -1 -1 1 1 0 0 0 0 0
0 0 0 0 0 -1 1 1 1 -1 -1 0 0 0 0
0 0 0 0 1 -1 -1 -1 -1 0 0 0 0 0 0
0 0 0 0 0 0 -1 1 1 1 1 1 0 0 0
0 0 0 0 0 1 0 1 -1 -1 -1 -1 0 0 0
0 0 0 0 0 0 -1 0 0 1 0 0 0 0 0
0 0 0 0 0 0 0 0 0 0 0 0 0 0 0
0 0 0 0 0 0 0 0 0 0 0 0 0 0 0
7 7 -1
9 4 1
9 5 -1
10 7 1
9 8 -1
8 7 1
8 5 -1
7 5 1
10 6 -1
11 5 1
9 6 -1
8 6 1
7 6 -1
6 6 1
5 8 -1
7 8 1
8 9 -1
7 9 1
6 7 -1
4 6 1
5 7 -1
6 8 1
5 9 -1
6 10 1
8 10 -1
10 10 1
11 8 -1
8 8 1
9 7 -1
10 8 1
11 9 -1
10 9 1
11 10 -1
12 9 1
12 6 -1
11 7 1
11 11 -1
10 11 1
