toan
8 0
nhat
8 1
0
8 11
0 0 -858993460
-1.07374e+08 -1.07374e+08 1
16
0 0 0 0 0 0 0 0 0 0 0 0 0 0 0
0 0 0 0 0 0 0 0 0 0 0 0 0 0 0
0 0 0 0 0 0 0 0 0 0 0 0 0 0 0
0 0 0 0 0 0 0 0 0 0 0 0 0 0 0
0 0 0 0 0 0 0 1 -1 0 0 0 0 0 0
0 0 0 0 0 0 1 -1 1 0 0 0 0 0 0
0 0 0 0 0 0 -1 1 -1 1 -1 0 0 0 0
0 0 0 0 0 0 -1 1 -1 0 1 -1 0 0 0
0 0 0 0 0 0 0 0 0 0 0 1 0 0 0
0 0 0 0 0 0 0 0 0 0 0 0 0 0 0
0 0 0 0 0 0 0 0 0 0 0 0 0 0 0
0 0 0 0 0 0 0 0 0 0 0 0 0 0 0
0 0 0 0 0 0 0 0 0 0 0 0 0 0 0
0 0 0 0 0 0 0 0 0 0 0 0 0 0 0
0 0 0 0 0 0 0 0 0 0 0 0 0 0 0
7 8 -1
6 7 1
7 6 -1
7 7 1
6 8 -1
5 8 1
6 6 -1
5 6 1
5 7 -1
4 7 1
4 8 -1
6 9 1
6 10 -1
7 10 1
7 11 -1
8 11 1
