Nhật
8 0
Player 2
7 0
0
13 13
0 0 -858993460
-1.07374e+08 -1.07374e+08 1
15
0 0 0 0 0 0 0 0 0 0 0 0 0 0 0
0 0 0 0 0 0 0 0 0 0 0 0 0 0 0
0 0 0 0 0 0 0 0 0 0 0 0 0 0 0
0 0 0 0 0 0 0 0 0 0 0 0 1 0 0
0 0 0 0 0 0 0 0 0 0 -1 0 0 0 0
0 0 0 0 0 0 0 1 0 0 0 0 -1 0 0
0 0 0 0 0 0 0 0 0 0 0 0 0 0 0
0 0 0 0 0 0 -1 0 0 1 0 0 0 -1 0
0 0 0 0 0 0 0 0 0 0 -1 0 1 0 0
0 0 0 0 0 0 0 1 -1 0 0 0 0 0 0
0 0 0 0 0 0 0 0 0 0 0 0 1 0 0
0 0 0 0 0 0 0 0 0 0 0 0 -1 0 0
0 0 0 0 0 0 0 0 0 0 0 0 1 0 0
0 0 0 0 0 0 0 0 0 0 0 0 0 -1 0
0 0 0 0 0 0 0 0 0 0 0 0 0 0 0
7 13 -1
8 12 1
8 10 -1
7 9 1
9 8 -1
9 7 1
7 6 -1
5 7 1
4 10 -1
3 12 1
5 12 -1
10 12 1
11 12 -1
12 12 1
13 13 -1
